Verification log – 2026-05-28 07:53:46 UTC
Execution time: 42.3s
Total proxies tested: 205
Working proxies found: 78
------------------------------------------------------------
Timestamp                   Host:Port                      Status Ping     Region
------------------------------------------------------------
2026-05-28T07:53:41.654550  737727,776.ir.fulle7.info:8443 FAIL   -        eu
2026-05-28T07:53:41.781284  87.248.129.212:25565           OK     0.15s    eu
2026-05-28T07:53:41.789246  186.246.21.89:443              OK     0.151s   eu
2026-05-28T07:53:41.789447  195.254.165.23:9443            OK     0.151s   eu
2026-05-28T07:53:41.790133  176.65.128.238:8443            OK     0.15s    eu
2026-05-28T07:53:41.791225  minecraft.nimagallery18.ir:4455 FAIL   -        eu
2026-05-28T07:53:41.791243  s13.neo-trading.org:993        OK     0.155s   eu
2026-05-28T07:53:41.793190  free-mtproto.flexiblenet.org:443 OK     0.158s   eu
2026-05-28T07:53:41.793740  91.107.169.174:8443            OK     0.158s   eu
2026-05-28T07:53:41.793755  87.248.132.2:443               FAIL   -        eu
2026-05-28T07:53:41.796079  178.104.221.250:8443           OK     0.166s   eu
2026-05-28T07:53:41.796633  5.78.228.124:42341             OK     0.015s   eu
2026-05-28T07:53:41.796705  7337727,776.ir.fulle7.info:8443 FAIL   -        eu
2026-05-28T07:53:41.797716  195.254.165.4:8443             OK     0.156s   eu
2026-05-28T07:53:41.797734  91.107.182.200:8443            OK     0.156s   eu
2026-05-28T07:53:41.798162  2.26.146.71:8080               OK     0.153s   eu
2026-05-28T07:53:41.798653  s4.neo-trading.org:993         OK     0.157s   eu
2026-05-28T07:53:41.798999  87.248.129.14:15               OK     0.151s   eu
2026-05-28T07:53:41.799273  87.248.129.4:8443              OK     0.151s   eu
2026-05-28T07:53:41.799544  87.248.129.199:25565           FAIL   -        eu
2026-05-28T07:53:41.800385  195.254.165.23:8443            OK     0.152s   eu
2026-05-28T07:53:41.800518  91.107.174.85:8443             OK     0.167s   eu
2026-05-28T07:53:41.800633  23.88.51.230:443               OK     0.15s    eu
2026-05-28T07:53:41.801861  185.117.0.248:443              FAIL   -        eu
2026-05-28T07:53:41.801874  178.105.168.17:443             OK     0.161s   eu
2026-05-28T07:53:41.803635  vk.chunkycorp.shop:443         FAIL   -        ru
2026-05-28T07:53:41.803823  178.105.237.175:7443           OK     0.157s   eu
2026-05-28T07:53:41.804109  195.254.165.71:9443            FAIL   -        eu
2026-05-28T07:53:41.806396  87.248.129.210:4455            OK     0.157s   eu
2026-05-28T07:53:41.806543  dr4.dedus.pro:443              OK     0.168s   ru
2026-05-28T07:53:41.807180  r11.proxytg.space:8443         FAIL   -        eu
2026-05-28T07:53:41.807742  VIP.alotaxi.info:4515          OK     0.164s   eu
2026-05-28T07:53:41.812211  178.105.141.172:443            OK     0.161s   eu
2026-05-28T07:53:41.812655  62.238.26.157:8443             OK     0.176s   eu
2026-05-28T07:53:41.819330  178.105.245.72:8443            OK     0.167s   eu
2026-05-28T07:53:41.821533  Shoting.forwarding-co.site.:44300 FAIL   -        eu
2026-05-28T07:53:41.822086  65.109.215.115:8443            FAIL   -        eu
2026-05-28T07:53:41.823295  737237777.ir.fulle7.info:8443  FAIL   -        eu
2026-05-28T07:53:41.823846  otklyuchi-vpn.nolags.pw:443    OK     0.188s   eu
2026-05-28T07:53:41.829806  49.13.35.164:8443              FAIL   -        eu
2026-05-28T07:53:41.835134  80.96.112.222:443              OK     0.193s   ru
2026-05-28T07:53:41.835689  7372767170.ir.fulle7.info:8443 FAIL   -        eu
2026-05-28T07:53:41.836628  1772677471.ir.fulle7.info:8443 OK     0.196s   eu
2026-05-28T07:53:41.839879  87727733737.ir.fulle7.info:8443 FAIL   -        eu
2026-05-28T07:53:41.843171  177267374371.ir.fulle7.info:8443 FAIL   -        eu
2026-05-28T07:53:41.845560  mimecraft4ir.homes:25565       OK     0.206s   eu
2026-05-28T07:53:41.845871  cloud.mtproxy.pw:443           OK     0.196s   ru
2026-05-28T07:53:41.846091  He.jlpoKcu.cloud:443           OK     0.205s   ru
2026-05-28T07:53:41.848050  171.ir.fulle7.info:8443        OK     0.2s     eu
2026-05-28T07:53:41.851429  weblog.forwarding-co.site:443  FAIL   -        eu
2026-05-28T07:53:41.851546  73377727,776.ir.fulle7.info:8443 FAIL   -        eu
2026-05-28T07:53:41.852427  194.156.103.87:443             FAIL   -        eu
2026-05-28T07:53:41.853072  172.65.38.26:9443              OK     0.001s   eu
2026-05-28T07:53:41.854217  9376273877.ir.fulle7.info:8443 OK     0.216s   eu
2026-05-28T07:53:41.854906  937627877.ir.fulle7.info:8443  FAIL   -        eu
2026-05-28T07:53:41.855210  5.78.133.252:8443              OK     0.015s   eu
2026-05-28T07:53:41.879212  ams1.tlgfast.com:443           OK     0.234s   eu
2026-05-28T07:53:41.915034  mt.corph.ru:443                OK     0.269s   eu
2026-05-28T07:53:41.919738  737276713370.ir.fulle7.info:8443 FAIL   -        eu
2026-05-28T07:53:41.926711  7372377377.ir.fulle7.info:8443 OK     0.292s   eu
2026-05-28T07:53:41.944617  87.248.129.129:15              OK     0.148s   eu
2026-05-28T07:53:41.950593  178.105.240.27:8443            OK     0.15s    eu
2026-05-28T07:53:41.951937  186.246.21.188:443             FAIL   -        eu
2026-05-28T07:53:41.953451  87.248.134.172:443             FAIL   -        eu
2026-05-28T07:53:41.958745  Komatso-Japan.www.google.com.ganool-com.info:300 FAIL   -        eu
2026-05-28T07:53:41.959181  178.105.218.231:8443           OK     0.158s   eu
2026-05-28T07:53:41.959468  94.183.219.141:443             OK     0.153s   eu
2026-05-28T07:53:41.960694  172.65.234.91:9443             OK     0.002s   eu
2026-05-28T07:53:41.961249  45.135.194.28:37               FAIL   -        eu
2026-05-28T07:53:41.962265  195.254.165.99:8443            FAIL   -        eu
2026-05-28T07:53:41.970345  s11.neo-trading.org:993        OK     0.162s   eu
2026-05-28T07:53:41.970493  87.248.134.204:443             FAIL   -        eu
2026-05-28T07:53:41.971245  Team.hafthashtgswreqetdgsrwrpi-esoiiisolfnwfsksjvwu-urishklfduiwoehv.info.:6773 FAIL   -        eu
2026-05-28T07:53:41.974736  vaslshid.co.uk.:85             OK     0.324s   eu
2026-05-28T07:53:41.975037  z5.ir.fulle7.info:8443         OK     0.185s   eu
2026-05-28T07:53:41.976808  178.105.239.80:7443            OK     0.153s   eu
2026-05-28T07:53:41.981055  17726737471.ir.fulle7.info:8443 FAIL   -        eu
2026-05-28T07:53:41.981950  195.62.32.87:25565             OK     0.145s   eu
2026-05-28T07:53:41.984949  8772773737.ir.fulle7.info:8443 OK     0.191s   eu
2026-05-28T07:53:41.987280  91.107.189.181:8443            FAIL   -        eu
2026-05-28T07:53:41.989565  r20.proxytg.space:8443         OK     0.358s   eu
2026-05-28T07:53:41.990033  5.78.28.235:7980               OK     0.015s   eu
2026-05-28T07:53:41.992245  r10.proxytg.space:8443         FAIL   -        eu
2026-05-28T07:53:41.995952  r19.proxytg.space:8443         OK     0.357s   eu
2026-05-28T07:53:42.001366  z4.ir.fulle7.info:8443         FAIL   -        eu
2026-05-28T07:53:42.006164  195.254.165.73:9443            FAIL   -        eu
2026-05-28T07:53:42.006996  mtproxy.neverspy.online:443    FAIL   -        eu
2026-05-28T07:53:42.011304  free.proproxies.top:443        OK     0.204s   eu
2026-05-28T07:53:42.018938  yard-yaystal-menyat.yard-tg-bot.online:443 OK     0.387s   eu
2026-05-28T07:53:42.021179  Q4.opt-meli.info:443           OK     0.166s   eu
2026-05-28T07:53:42.021739  dr1.dedus.pro:443              OK     0.179s   ru
2026-05-28T07:53:42.022732  877277737.ir.fulle7.info:8443  OK     0.187s   eu
2026-05-28T07:53:42.031182  ader.dynoporo.com:443          FAIL   -        eu
2026-05-28T07:53:42.057571  73727777.ir.fulle7.info:8443   OK     0.205s   eu
2026-05-28T07:53:42.081782  178.105.195.36:8443            OK     0.155s   eu
2026-05-28T07:53:42.085929  Masi.zban-df.info:8888         FAIL   -        eu
2026-05-28T07:53:42.095812  gov.chunkycorp.shop:443        FAIL   -        ru
2026-05-28T07:53:42.100313  87.248.129.13:15               OK     0.156s   eu
2026-05-28T07:53:42.111243  178.105.240.97:61016           OK     0.158s   eu
2026-05-28T07:53:42.111483  776.ir.fulle7.info:8443        OK     0.192s   eu
2026-05-28T07:53:42.118228  87.248.129.130:15              OK     0.148s   eu
2026-05-28T07:53:42.119454  195.254.165.4:8443             OK     0.16s    eu
2026-05-28T07:53:42.120496  mtp.webvirt.cloud:443          OK     0.17s    eu
2026-05-28T07:53:42.137708  best-ruter.eyvazi-master.ir:9741 FAIL   -        eu
2026-05-28T07:53:42.138506  z399.ir.fulle7.info:8443       FAIL   -        eu
2026-05-28T07:53:42.142538  r18.proxytg.space:8443         OK     0.343s   eu
2026-05-28T07:53:42.157349  Ashkoda-Best.gabrial-batistuta.shop:443 FAIL   -        eu
2026-05-28T07:53:42.157675  87.248.129.200:25565           FAIL   -        eu
2026-05-28T07:53:42.159506  s3.neo-trading.org:993         OK     0.28s    eu
2026-05-28T07:53:42.160959  146.103.104.26:443             FAIL   -        eu
2026-05-28T07:53:42.169870  87.248.129.5:8443              FAIL   -        eu
2026-05-28T07:53:42.170927  91.107.255.20:2053             FAIL   -        eu
2026-05-28T07:53:42.171033  178.105.244.106:61016          OK     0.16s    eu
2026-05-28T07:53:42.172935  syntax.ddnscdn.sbs.:443        OK     0.192s   eu
2026-05-28T07:53:42.199709  www.humaontop.space:443        FAIL   -        eu
2026-05-28T07:53:42.212536  z3.ir.fulle7.info:8443         FAIL   -        eu
2026-05-28T07:53:42.217936  178.105.188.16:7443            OK     0.16s    eu
2026-05-28T07:53:42.241318  yard-yaystal-menyat.yard-tg-bot.ru:443 OK     0.429s   eu
2026-05-28T07:53:42.316624  connect.tproxy.store:8443      OK     0.523s   eu
2026-05-28T07:53:42.320439  93763273877.ir.fulle7.info:8443 OK     0.182s   eu
2026-05-28T07:53:42.329045  arezoni9.ir:15                 OK     0.307s   eu
2026-05-28T07:53:42.447070  Fuck-War.harcibasheokeye.ir:110 FAIL   -        eu
2026-05-28T07:53:43.070925  73727671370.ir.fulle7.info:8443 OK     1.223s   eu
2026-05-28T07:53:43.305668  87.248.129.205:25565           OK     1.194s   eu
2026-05-28T07:53:43.632594  195.254.165.233:65535          FAIL   -        eu
2026-05-28T07:53:43.632725  212.34.135.78:443              FAIL   -        eu
2026-05-28T07:53:43.632998  195.254.165.251:25565          FAIL   -        eu
2026-05-28T07:53:43.633018  185.3.200.172:4455             FAIL   -        eu
2026-05-28T07:53:43.637919  51.120.71.120:443              FAIL   -        eu
2026-05-28T07:53:43.637935  195.254.165.249:25565          FAIL   -        eu
2026-05-28T07:53:43.639247  116.203.134.165:443            FAIL   -        eu
2026-05-28T07:53:43.640243  185.3.200.191:4455             FAIL   -        eu
2026-05-28T07:53:43.641242  185.84.157.102:9443            FAIL   -        eu
2026-05-28T07:53:43.642245  www.myssscript.beauty.:8888    FAIL   -        eu
2026-05-28T07:53:43.644238  cdn.koukicohost1.co.uk:443     FAIL   -        eu
2026-05-28T07:53:43.644647  194.5.205.10:443               FAIL   -        eu
2026-05-28T07:53:43.644728  87.248.132.34:70               FAIL   -        eu
2026-05-28T07:53:43.645237  185.3.200.172:2053             FAIL   -        eu
2026-05-28T07:53:43.646223  91.239.192.154:7443            FAIL   -        eu
2026-05-28T07:53:43.648230  3.218.208.101:80               FAIL   -        eu
2026-05-28T07:53:43.650354  89.251.10.2:7443               FAIL   -        eu
2026-05-28T07:53:43.650367  185.3.200.185:4455             FAIL   -        eu
2026-05-28T07:53:43.650377  176.65.135.65:23               FAIL   -        eu
2026-05-28T07:53:43.651209  sabr.ssboriat.co.uk:531        FAIL   -        eu
2026-05-28T07:53:43.651233  46.225.29.180:443              FAIL   -        eu
2026-05-28T07:53:43.651415  185.3.200.136:2053             FAIL   -        eu
2026-05-28T07:53:43.651429  185.3.200.186:2054             FAIL   -        eu
2026-05-28T07:53:43.651450  213.59.117.3:443               FAIL   -        eu
2026-05-28T07:53:43.652224  138.199.215.229:7443           FAIL   -        eu
2026-05-28T07:53:43.654258  185.3.200.191:2053             FAIL   -        eu
2026-05-28T07:53:43.654268  195.254.165.253:25565          FAIL   -        eu
2026-05-28T07:53:43.655238  87.248.132.38:85               FAIL   -        eu
2026-05-28T07:53:43.659226  www.qatar-railways.info.:443   FAIL   -        eu
2026-05-28T07:53:43.660257  853b.mtproxygram.pro:853       FAIL   -        ru
2026-05-28T07:53:43.660342  tavakalta-alalah.info:443      FAIL   -        eu
2026-05-28T07:53:43.662204  new.sitemcinet.co.uk:443       FAIL   -        eu
2026-05-28T07:53:43.664196  iran.zibayi.shop.:888          FAIL   -        eu
2026-05-28T07:53:43.686665  tee.mobemouy.com:443           FAIL   -        eu
2026-05-28T07:53:43.692133  yazdan.htop.info:443           FAIL   -        eu
2026-05-28T07:53:43.713605  www.merco-karco.website:443    FAIL   -        eu
2026-05-28T07:53:43.723440  World-press.Online-shop.speeker-voice.avadox-zhoan.info:144 FAIL   -        eu
2026-05-28T07:53:43.791661  185.3.200.136:4455             FAIL   -        eu
2026-05-28T07:53:43.791803  65.109.146.207:443             FAIL   -        eu
2026-05-28T07:53:43.793258  195.254.165.250:25565          FAIL   -        eu
2026-05-28T07:53:43.797262  186.246.21.31:443              FAIL   -        ru
2026-05-28T07:53:43.799864  194.120.230.106:433            FAIL   -        eu
2026-05-28T07:53:43.800004  195.254.165.211:4455           FAIL   -        eu
2026-05-28T07:53:43.800241  93.183.88.188:443              FAIL   -        eu
2026-05-28T07:53:43.803228  87.248.132.99:8443             FAIL   -        eu
2026-05-28T07:53:43.805223  195.254.165.168:9443           FAIL   -        eu
2026-05-28T07:53:43.806205  iran.quickdl.info.:443         FAIL   -        eu
2026-05-28T07:53:43.807903  khoda.hafez.info:443           FAIL   -        eu
2026-05-28T07:53:43.807919  www.beastmode.icu.:8888        FAIL   -        eu
2026-05-28T07:53:43.848338  195.254.165.252:25565          FAIL   -        eu
2026-05-28T07:53:43.855322  195.254.165.169:2053           FAIL   -        eu
2026-05-28T07:53:43.855343  186.246.21.40:443              FAIL   -        eu
2026-05-28T07:53:43.855980  general.irancell-ir.cfd:443    FAIL   -        eu
2026-05-28T07:53:43.875016  3.masi.masi.zban-mas.info:8888 FAIL   -        eu
2026-05-28T07:53:43.917251  152.232.8.182:443              FAIL   -        eu
2026-05-28T07:53:43.950222  app.aftabneta2.ir:85           FAIL   -        eu
2026-05-28T07:53:43.953439  dd.tgproxy.today:8080          FAIL   -        eu
2026-05-28T07:53:43.961300  185.3.200.185:2053             FAIL   -        eu
2026-05-28T07:53:43.962883  45.82.65.142:443               FAIL   -        eu
2026-05-28T07:53:43.971230  www.lastingg.baby.:8888        FAIL   -        eu
2026-05-28T07:53:43.977173  91.107.155.175:2053            FAIL   -        eu
2026-05-28T07:53:43.985680  853a.mtproxygram.pro:853       FAIL   -        ru
2026-05-28T07:53:43.986617  195.254.165.212:9443           FAIL   -        eu
2026-05-28T07:53:43.987532  176.65.131.45:25565            FAIL   -        eu
2026-05-28T07:53:43.991224  https-cdn-ddns.itdeveloper.info.:88 FAIL   -        eu
2026-05-28T07:53:43.993173  paitakht.arasto.info:443       FAIL   -        eu
2026-05-28T07:53:43.994246  91.239.192.153:9443            FAIL   -        eu
2026-05-28T07:53:43.997217  163.5.31.10:8443               FAIL   -        eu
2026-05-28T07:53:44.013894  collider.web-yektanet-com.info:443 FAIL   -        eu
2026-05-28T07:53:44.023342  195.254.165.247:25565          FAIL   -        eu
2026-05-28T07:53:44.051601  total.beyondeson-co.cfd:443    FAIL   -        eu
2026-05-28T07:53:44.088230  5.75.218.189:8443              FAIL   -        eu
2026-05-28T07:53:44.098135  sitemcinet.co.uk:443           FAIL   -        eu
2026-05-28T07:53:44.102280  185.3.200.186:5566             FAIL   -        eu
2026-05-28T07:53:44.113673  5.75.197.246:443               FAIL   -        eu
2026-05-28T07:53:44.120406  195.254.165.185:15             FAIL   -        eu
2026-05-28T07:53:44.122222  reboot.tikla.info:443          FAIL   -        eu
2026-05-28T07:53:44.139914  176.108.240.116:8888           FAIL   -        eu
2026-05-28T07:53:44.186691  dns.vdl.lat:853                FAIL   -        ru
2026-05-28T07:53:45.204880  amoreszi.duckdns.org:443       OK     3.558s   eu
2026-05-28T07:53:46.044448  hotmtpro2.duckdns.org:443      OK     4.214s   eu
------------------------------------------------------------

Top 20 fastest proxies:
  172.65.38.26:9443 | ping=0.001s | eu | zmvr#ipkgbuild.org
  172.65.234.91:9443 | ping=0.002s | eu | zmvr#ipkgbuild.org
  5.78.228.124:42341 | ping=0.015s | eu | 
  5.78.133.252:8443 | ping=0.015s | eu | 
  5.78.28.235:7980 | ping=0.015s | eu | 
  195.62.32.87:25565 | ping=0.145s | eu | 
  87.248.129.129:15 | ping=0.148s | eu | 
  87.248.129.130:15 | ping=0.148s | eu | 
  87.248.129.212:25565 | ping=0.15s | eu | 
  176.65.128.238:8443 | ping=0.15s | eu | 
  23.88.51.230:443 | ping=0.15s | eu | 
  178.105.240.27:8443 | ping=0.15s | eu | 
  186.246.21.89:443 | ping=0.151s | eu | 
  195.254.165.23:9443 | ping=0.151s | eu | 
  87.248.129.14:15 | ping=0.151s | eu | 
  87.248.129.4:8443 | ping=0.151s | eu | 
  195.254.165.23:8443 | ping=0.152s | eu | 
  2.26.146.71:8080 | ping=0.153s | eu | 
  94.183.219.141:443 | ping=0.153s | eu | 
  178.105.239.80:7443 | ping=0.153s | eu | 
