Verification log – 2026-06-25 08:54:42 UTC
Execution time: 66.9s
Total proxies tested: 270
Working proxies found: 154
------------------------------------------------------------
Timestamp                   Host:Port                      Status Ping     Region
------------------------------------------------------------
2026-06-25T08:54:40.012783  172.65.100.05:25565            OK     0.002s   eu
2026-06-25T08:54:40.019437  sub.shirazyoo.co.uk:443        FAIL   -        eu
2026-06-25T08:54:40.047208  3.telbet.lol:25565             OK     0.057s   eu
2026-06-25T08:54:40.047991  moh.kingproxynewdomailasiatech.ink:25565 OK     0.047s   eu
2026-06-25T08:54:40.086389  94.249.225.6:88                OK     0.099s   eu
2026-06-25T08:54:40.088694  92.246.87.242:443              OK     0.1s     eu
2026-06-25T08:54:40.092904  92.246.87.243:443              OK     0.103s   eu
2026-06-25T08:54:40.095277  194.213.118.140:443            OK     0.101s   eu
2026-06-25T08:54:40.096874  87.248.129.180:443             OK     0.104s   eu
2026-06-25T08:54:40.097378  87.248.129.131:443             OK     0.103s   eu
2026-06-25T08:54:40.098065  45.135.194.28:37               FAIL   -        eu
2026-06-25T08:54:40.098440  87.229.56.7:443                OK     0.102s   eu
2026-06-25T08:54:40.100510  94.249.225.5:88                OK     0.097s   eu
2026-06-25T08:54:40.100795  87.248.149.30:443              OK     0.101s   eu
2026-06-25T08:54:40.100973  87.248.129.16:8443             OK     0.101s   eu
2026-06-25T08:54:40.101680  87.248.129.99:443              OK     0.104s   eu
2026-06-25T08:54:40.102763  2.telbet.lol:25565             OK     0.093s   eu
2026-06-25T08:54:40.102872  87.248.149.19:443              OK     0.106s   eu
2026-06-25T08:54:40.104956  87.229.56.8:443                OK     0.104s   eu
2026-06-25T08:54:40.106046  87.229.56.20:443               OK     0.099s   eu
2026-06-25T08:54:40.107332  87.229.56.181:443              OK     0.103s   eu
2026-06-25T08:54:40.107708  sv2.just-money.co.uk:443       OK     0.112s   eu
2026-06-25T08:54:40.107856  87.229.56.15:443               OK     0.102s   eu
2026-06-25T08:54:40.108065  87.229.56.182:443              OK     0.103s   eu
2026-06-25T08:54:40.111567  87.248.129.133:443             OK     0.106s   eu
2026-06-25T08:54:40.112844  ams1.tlgfast.com:443           OK     0.122s   eu
2026-06-25T08:54:40.112975  194.213.118.162:443            OK     0.105s   eu
2026-06-25T08:54:40.113344  87.229.56.6:443                OK     0.103s   eu
2026-06-25T08:54:40.114233  87.248.129.134:443             OK     0.104s   eu
2026-06-25T08:54:40.115649  23.88.51.230:443               OK     0.114s   eu
2026-06-25T08:54:40.117050  mine.airplan1.ir:25565         FAIL   -        eu
2026-06-25T08:54:40.118455  room.talebi.co.uk:443          OK     0.127s   eu
2026-06-25T08:54:40.118681  book.malavanann.co.uk:2053     OK     0.126s   eu
2026-06-25T08:54:40.118958  sv2.hajhossein.observer:443    OK     0.125s   eu
2026-06-25T08:54:40.119208  91.107.153.231:23              OK     0.113s   eu
2026-06-25T08:54:40.120718  116.202.35.160:25565           OK     0.117s   eu
2026-06-25T08:54:40.127173  top.jamejanhani2.co.uk:443     OK     0.12s    eu
2026-06-25T08:54:40.131412  moon.talebi.co.uk:443          OK     0.129s   eu
2026-06-25T08:54:40.131427  pack.talebi.co.uk:443          OK     0.127s   eu
2026-06-25T08:54:40.131741  pmcdin.co.uk.:443              OK     0.14s    eu
2026-06-25T08:54:40.134065  box.malavanann.co.uk:443       OK     0.124s   eu
2026-06-25T08:54:40.134283  nick.talebi.co.uk:443          OK     0.121s   eu
2026-06-25T08:54:40.134518  syntax.ddnscdn.sbs.:443        OK     0.143s   eu
2026-06-25T08:54:40.134536  138.124.33.176:443             OK     0.127s   eu
2026-06-25T08:54:40.135856  65.21.124.81:25565             FAIL   -        eu
2026-06-25T08:54:40.137659  goo.vingardium.co.uk.:8443     OK     0.148s   eu
2026-06-25T08:54:40.140964  zinova.co.uk.:443              OK     0.134s   eu
2026-06-25T08:54:40.141149  web.asiaadomainsshatelhamrahaval.co.uk.:443 OK     0.148s   eu
2026-06-25T08:54:40.141901  47777263767761.ir.qavi4.info:155 OK     0.142s   eu
2026-06-25T08:54:40.143840  tg.nowabst.net:853             OK     0.143s   ru
2026-06-25T08:54:40.145267  www.law-yer.co.uk.:443         OK     0.011s   eu
2026-06-25T08:54:40.145653  weblog.forwarding-co.site:443  OK     0.144s   eu
2026-06-25T08:54:40.147527  madrid.shirazyoo.co.uk:443     OK     0.15s    eu
2026-06-25T08:54:40.148134  135.181.129.178:443            OK     0.129s   eu
2026-06-25T08:54:40.148510  vip.3pita.com:155              OK     0.156s   eu
2026-06-25T08:54:40.150454  2026.goooalir.co.uk:4455       FAIL   -        eu
2026-06-25T08:54:40.152393  87.248.129.47:443              OK     0.104s   eu
2026-06-25T08:54:40.157171  web.jinxandjack.co.uk.:443     OK     0.157s   eu
2026-06-25T08:54:40.162216  mahanmizban.genuismind.info:443 OK     0.165s   eu
2026-06-25T08:54:40.179331  googel.alo-otp.info.:25565     OK     0.17s    eu
2026-06-25T08:54:40.179508  87.248.134.204:443             FAIL   -        eu
2026-06-25T08:54:40.181005  Fuck-War.harcibasheokeye.ir:110 FAIL   -        eu
2026-06-25T08:54:40.201002  87.248.129.137:443             OK     0.103s   eu
2026-06-25T08:54:40.201394  194.120.230.120:443            OK     0.101s   eu
2026-06-25T08:54:40.204772  iran.zibayi.shop.:888          FAIL   -        eu
2026-06-25T08:54:40.206733  87.248.129.186:443             OK     0.105s   eu
2026-06-25T08:54:40.215253  Komatso-Japan.www.google.com.ganool-com.info:300 FAIL   -        eu
2026-06-25T08:54:40.220528  nick.ciaude.co.uk:443          OK     0.113s   eu
2026-06-25T08:54:40.223142  sitemcinet.co.uk:443           OK     0.219s   eu
2026-06-25T08:54:40.226893  total.beyondeson-co.cfd:443    OK     0.134s   eu
2026-06-25T08:54:40.230432  new.sitemcinet.co.uk:443       OK     0.029s   eu
2026-06-25T08:54:40.236040  1.telbet.lol:25565             OK     0.243s   eu
2026-06-25T08:54:40.242164  65.21.83.248:443               OK     0.126s   eu
2026-06-25T08:54:40.243127  panel-portal.managep.info:443  OK     0.131s   eu
2026-06-25T08:54:40.243283  sv5.hajhossein.observer:443    OK     0.13s    eu
2026-06-25T08:54:40.250080  mine.talebi.co.uk:443          OK     0.106s   eu
2026-06-25T08:54:40.250989  167.233.185.253:443            OK     0.113s   eu
2026-06-25T08:54:40.258772  melat.managep.info:443         OK     0.113s   eu
2026-06-25T08:54:40.259385  178.104.17.219:443             OK     0.117s   eu
2026-06-25T08:54:40.259999  gorbeye-7000-sale.asiaadomainsshatelhamrahaval.co.uk.:443 OK     0.146s   eu
2026-06-25T08:54:40.263267  just-money.co.uk:443           OK     0.122s   eu
2026-06-25T08:54:40.263706  ns1.what-ever.co.uk.:443       OK     0.132s   eu
2026-06-25T08:54:40.263958  87.229.56.5:443                OK     0.102s   eu
2026-06-25T08:54:40.266491  ad2.arixo.shop:443             OK     0.153s   eu
2026-06-25T08:54:40.268331  sv.just-money.co.uk:443        OK     0.121s   eu
2026-06-25T08:54:40.268482  persian.gulf.ir.olsjddhf.info.:88 OK     0.268s   eu
2026-06-25T08:54:40.274030  65.21.235.107:4455             FAIL   -        eu
2026-06-25T08:54:40.274464  www.vingardium.co.uk.:443      OK     0.124s   eu
2026-06-25T08:54:40.276303  bale-ai.vingardium.co.uk.:443  OK     0.163s   eu
2026-06-25T08:54:40.280492  web-ir.lv426.co.uk.:443        FAIL   -        eu
2026-06-25T08:54:40.292111  cloud.ir.asiatech-bestserver.technom.info:443 OK     0.173s   eu
2026-06-25T08:54:40.292647  rudomain.info.:443             OK     0.305s   eu
2026-06-25T08:54:40.294646  go.vingardium.co.uk.:8443      OK     0.146s   eu
2026-06-25T08:54:40.299915  cdn.ma-rd.co.uk:443            OK     0.12s    eu
2026-06-25T08:54:40.305595  vip11.opt-meli.info:155        FAIL   -        eu
2026-06-25T08:54:40.310566  87.229.56.10:443               OK     0.106s   eu
2026-06-25T08:54:40.310684  33.mtprotonewrunningproxasia.info:443 OK     0.305s   eu
2026-06-25T08:54:40.315775  red-road.strawberrybarn.co.uk.:443 OK     0.309s   eu
2026-06-25T08:54:40.318396  hetzner.goaphrodite.co.uk.:443 OK     0.177s   eu
2026-06-25T08:54:40.329656  fotbali.pw-pishi1.ir:4455      OK     0.322s   eu
2026-06-25T08:54:40.331893  logs.jinxandjack.co.uk.:443    OK     0.13s    eu
2026-06-25T08:54:40.343639  get.utkanos.life:443           OK     0.353s   eu
2026-06-25T08:54:40.343801  91.99.213.149:443              OK     0.117s   eu
2026-06-25T08:54:40.346382  moh.telbet.lol:25565           OK     0.078s   eu
2026-06-25T08:54:40.361193  88.198.194.198:443             OK     0.11s    eu
2026-06-25T08:54:40.362125  ethereal.arixo.shop:443        OK     0.155s   eu
2026-06-25T08:54:40.363520  87.248.129.49:443              OK     0.104s   eu
2026-06-25T08:54:40.369278  167.233.176.11:443             OK     0.11s    eu
2026-06-25T08:54:40.376123  fast.garden-troll.life:443     OK     0.371s   eu
2026-06-25T08:54:40.378973  www.merco-karco.website:443    OK     0.104s   eu
2026-06-25T08:54:40.380992  87.248.129.183:443             OK     0.1s     eu
2026-06-25T08:54:40.385185  sv4.hajhossein.observer:443    OK     0.162s   eu
2026-06-25T08:54:40.409622  167.233.118.91:4455            FAIL   -        eu
2026-06-25T08:54:40.410314  World-press.Online-shop.speeker-voice.avadox-zhoan.info:144 FAIL   -        eu
2026-06-25T08:54:40.412870  proxy65.arixo.shop:443         OK     0.169s   ru
2026-06-25T08:54:40.418341  genuismind.info:443            OK     0.299s   eu
2026-06-25T08:54:40.421520  Strait-of-Hormuz.ir.jursdheks.info.:88 OK     0.264s   eu
2026-06-25T08:54:40.422204  167.233.101.58:8080            FAIL   -        eu
2026-06-25T08:54:40.423737  138.201.192.170:88             OK     0.118s   eu
2026-06-25T08:54:40.425740  Team.hafthashtgswreqetdgsrwrpi-esoiiisolfnwfsksjvwu-urishklfduiwoehv.info.:6773 FAIL   -        eu
2026-06-25T08:54:40.428986  h.hajagha.co.uk:443            OK     0.308s   eu
2026-06-25T08:54:40.446853  194.213.118.148:443            OK     0.103s   eu
2026-06-25T08:54:40.453270  go.antitspu.com:443            OK     0.45s    eu
2026-06-25T08:54:40.456648  phone-samsung.imalz.info:443   OK     0.465s   eu
2026-06-25T08:54:40.458755  tgju.org.nazri.info:443        OK     0.463s   eu
2026-06-25T08:54:40.460926  server.mizbanonline.info:443   OK     0.472s   eu
2026-06-25T08:54:40.471010  87.229.56.180:443              OK     0.101s   eu
2026-06-25T08:54:40.471763  tcpdash-local.technom.info:443 OK     0.463s   eu
2026-06-25T08:54:40.472216  halim.nazri.info:443           OK     0.469s   eu
2026-06-25T08:54:40.472626  tcpdash-local.technom.info:443 OK     0.463s   eu
2026-06-25T08:54:40.476344  146.103.104.26:443             FAIL   -        eu
2026-06-25T08:54:40.479738  kha8shen.co.uk.:443            OK     0.136s   eu
2026-06-25T08:54:40.482931  portal.mizbanonline.info:443   OK     0.473s   eu
2026-06-25T08:54:40.487382  best-ruter.eyvazi-master.ir:9741 FAIL   -        eu
2026-06-25T08:54:40.493118  br.kingproxynewdomailasiatech.ink:22 OK     0.021s   eu
2026-06-25T08:54:40.499368  best-sellerst.co.uk.:443       OK     0.137s   eu
2026-06-25T08:54:40.510446  ns2.what-ever.co.uk.:443       OK     0.131s   eu
2026-06-25T08:54:40.514414  194.213.118.163:443            OK     0.101s   eu
2026-06-25T08:54:40.523904  167.233.48.222:443             OK     0.114s   eu
2026-06-25T08:54:40.525111  football.world-pro.co.uk:25565 OK     0.15s    eu
2026-06-25T08:54:40.533306  87.248.129.184:443             OK     0.104s   eu
2026-06-25T08:54:40.534843  Q4.opt-meli.info:443           FAIL   -        eu
2026-06-25T08:54:40.534862  87.248.132.2:443               FAIL   -        eu
2026-06-25T08:54:40.535146  portal.malevich7.top:443       OK     0.383s   eu
2026-06-25T08:54:40.538193  mahanmizban.genuismind.info:443 OK     0.127s   eu
2026-06-25T08:54:40.554901  65.21.124.103:25565            FAIL   -        eu
2026-06-25T08:54:40.569152  host.mizbanonline.info:443     OK     0.466s   eu
2026-06-25T08:54:40.574911  panel-portal.managep.info:443  OK     0.128s   eu
2026-06-25T08:54:40.576704  87.229.56.183:443              OK     0.106s   eu
2026-06-25T08:54:40.578853  room.coworcker.co.uk:443       OK     0.302s   eu
2026-06-25T08:54:40.579849  noron.jamejanhani1.co.uk:443   OK     0.119s   eu
2026-06-25T08:54:40.588476  37.27.134.33:8443              OK     0.13s    eu
2026-06-25T08:54:40.589323  genuismind.info:443            OK     0.117s   eu
2026-06-25T08:54:40.590400  87.248.129.185:443             OK     0.103s   eu
2026-06-25T08:54:40.596353  web-mail.ecosseupsidedown.co.uk.:443 OK     0.174s   eu
2026-06-25T08:54:40.597405  87.248.129.179:443             OK     0.104s   eu
2026-06-25T08:54:40.614138  melat.managep.info:443         OK     0.115s   eu
2026-06-25T08:54:40.621591  ns2.what-ever.co.uk.:443       OK     0.111s   eu
2026-06-25T08:54:40.627335  gheime.nazri.info:443          OK     0.295s   eu
2026-06-25T08:54:40.627484  sv.hajhossein.observer:443     OK     0.144s   eu
2026-06-25T08:54:40.636225  116.203.6.81:443               OK     0.111s   eu
2026-06-25T08:54:40.663123  login.veltura.digital:443      OK     0.347s   eu
2026-06-25T08:54:40.666458  sv3.hajhossein.observer:443    OK     0.21s    eu
2026-06-25T08:54:40.668591  95.216.102.169:25565           OK     0.131s   eu
2026-06-25T08:54:40.672188  87.248.129.130:443             OK     0.103s   eu
2026-06-25T08:54:40.680245  Shoting.forwarding-co.site.:44300 FAIL   -        eu
2026-06-25T08:54:40.683724  mizban-dade-online.genuismind.info:443 OK     0.463s   eu
2026-06-25T08:54:40.685486  cdn.yektanet.co.uk:443         OK     0.3s     eu
2026-06-25T08:54:40.686888  box.talebi.co.uk:443           OK     0.11s    eu
2026-06-25T08:54:40.690383  billing.mizbanonline.info:443  OK     0.448s   eu
2026-06-25T08:54:40.692884  168.119.142.46:443             OK     0.118s   eu
2026-06-25T08:54:40.699572  87.248.129.136:443             OK     0.103s   eu
2026-06-25T08:54:40.704870  pizza.telbet.lol:25565         OK     0.171s   eu
2026-06-25T08:54:40.716023  3.mtprotonewniceasiashatel.co.uk:443 OK     0.136s   eu
2026-06-25T08:54:40.725987  138.124.33.176:443             OK     0.135s   eu
2026-06-25T08:54:40.743930  167.233.187.178:443            OK     0.116s   eu
2026-06-25T08:54:40.743961  46.62.197.12:155               FAIL   -        eu
2026-06-25T08:54:40.746698  kala.imalz.info:443            OK     0.149s   eu
2026-06-25T08:54:40.791784  91.107.241.137:23              OK     0.108s   eu
2026-06-25T08:54:40.815188  87.248.134.172:443             FAIL   -        eu
2026-06-25T08:54:40.820328  wan.asiaadomainsshatelhamrahaval.co.uk.:443 OK     0.148s   eu
2026-06-25T08:54:40.821663  Ashkoda-Best.gabrial-batistuta.shop:443 FAIL   -        eu
2026-06-25T08:54:40.821677  link.nowabst.net:853           OK     0.153s   eu
2026-06-25T08:54:40.890088  secure.gorbushkin.click:443    OK     0.366s   eu
2026-06-25T08:54:41.033599  edge.rknwatch.digital:443      OK     0.37s    eu
2026-06-25T08:54:41.097027  portal.balalaika.click:443     OK     0.475s   eu
2026-06-25T08:54:41.537026  portal.mizbanonline.info:443   OK     1.244s   eu
2026-06-25T08:54:41.989598  65.109.244.47:4455             FAIL   -        eu
2026-06-25T08:54:41.989732  212.34.135.78:443              FAIL   -        eu
2026-06-25T08:54:41.993809  157.90.227.27:85               FAIL   -        eu
2026-06-25T08:54:41.993864  195.63.139.135:8443            FAIL   -        eu
2026-06-25T08:54:41.997995  93.183.88.188:443              FAIL   -        eu
2026-06-25T08:54:41.998012  5.75.217.141:4455              FAIL   -        eu
2026-06-25T08:54:42.000934  29031374.goooalir.co.uk:4455   FAIL   -        eu
2026-06-25T08:54:42.000946  65.109.247.172:85              FAIL   -        eu
2026-06-25T08:54:42.001541  5.75.138.30:85                 FAIL   -        eu
2026-06-25T08:54:42.004930  49.12.115.187:4455             FAIL   -        eu
2026-06-25T08:54:42.006336  195.63.160.246:8443            FAIL   -        eu
2026-06-25T08:54:42.007926  49.13.209.101:8080             FAIL   -        eu
2026-06-25T08:54:42.009937  5.75.155.1:443                 FAIL   -        eu
2026-06-25T08:54:42.011247  167.233.206.212:4455           FAIL   -        eu
2026-06-25T08:54:42.011319  91.107.254.122:443             FAIL   -        eu
2026-06-25T08:54:42.011934  iloveto.bein-norway.co.uk:25565 FAIL   -        eu
2026-06-25T08:54:42.014902  api.muffinnoliershatelcomingsoon.co.uk.:443 FAIL   -        eu
2026-06-25T08:54:42.020938  malmo.viking-vibe.co.uk:25565  FAIL   -        eu
2026-06-25T08:54:42.021907  norm.quickdl.info:25565        FAIL   -        eu
2026-06-25T08:54:42.023120  proxy.speedbreaker.info:25565  FAIL   -        eu
2026-06-25T08:54:42.033632  web-api.ecosseupsidedown.co.uk.:443 FAIL   -        eu
2026-06-25T08:54:42.040947  www.myssscript.beauty.:8888    FAIL   -        eu
2026-06-25T08:54:42.047527  general.irancell-ir.cfd:443    FAIL   -        eu
2026-06-25T08:54:42.091051  89.251.10.2:7443               FAIL   -        eu
2026-06-25T08:54:42.096957  195.254.165.251:25565          FAIL   -        eu
2026-06-25T08:54:42.098917  195.254.165.253:25565          FAIL   -        eu
2026-06-25T08:54:42.099048  195.254.165.247:25565          FAIL   -        eu
2026-06-25T08:54:42.100604  195.254.165.252:25565          FAIL   -        eu
2026-06-25T08:54:42.102923  87.248.144.21:25565            FAIL   -        eu
2026-06-25T08:54:42.104939  95.217.124.81:4455             FAIL   -        eu
2026-06-25T08:54:42.106953  87.248.129.182:443             FAIL   -        eu
2026-06-25T08:54:42.109465  65.109.247.95:4455             FAIL   -        eu
2026-06-25T08:54:42.109950  176.65.135.65:23               FAIL   -        eu
2026-06-25T08:54:42.109960  5.75.138.30:85                 FAIL   -        eu
2026-06-25T08:54:42.119212  195.254.165.250:25565          FAIL   -        eu
2026-06-25T08:54:42.138123  87.248.132.38:85               FAIL   -        eu
2026-06-25T08:54:42.140937  dd.tgproxy.today:8080          FAIL   -        eu
2026-06-25T08:54:42.145025  3.masi.masi.zban-mas.info:8888 FAIL   -        eu
2026-06-25T08:54:42.154866  stockholm.viking-vibe.co.uk:25565 FAIL   -        eu
2026-06-25T08:54:42.155023  www.beastmode.icu.:8888        FAIL   -        eu
2026-06-25T08:54:42.155100  19061995.goooalir.co.uk:4455   FAIL   -        eu
2026-06-25T08:54:42.177867  ara.lamari.info:443            FAIL   -        eu
2026-06-25T08:54:42.189175  hetzner.muffinnoliershatelcomingsoon.co.uk.:443 FAIL   -        eu
2026-06-25T08:54:42.195083  sold-out.dinocol.co.uk.:443    FAIL   -        eu
2026-06-25T08:54:42.201238  www.lastingg.baby.:8888        FAIL   -        eu
2026-06-25T08:54:42.201261  3-33-3.ir:443                  FAIL   -        eu
2026-06-25T08:54:42.217496  65.21.186.55:85                FAIL   -        eu
2026-06-25T08:54:42.238339  87.229.56.249:443              FAIL   -        eu
2026-06-25T08:54:42.239978  web-ai.gung-ho.co.uk.:443      FAIL   -        eu
2026-06-25T08:54:42.245278  65.109.249.226:4455            FAIL   -        eu
2026-06-25T08:54:42.262583  ara.lamari.info:443            FAIL   -        eu
2026-06-25T08:54:42.265966  178.105.179.72:155             FAIL   -        eu
2026-06-25T08:54:42.267919  65.109.254.77:85               FAIL   -        eu
2026-06-25T08:54:42.270472  65.109.243.218:4455            FAIL   -        eu
2026-06-25T08:54:42.271915  form.quickdl.info:22           FAIL   -        eu
2026-06-25T08:54:42.290681  https-cdn-ddns.itdeveloper.info.:88 FAIL   -        eu
2026-06-25T08:54:42.296920  87.248.129.187:443             FAIL   -        eu
2026-06-25T08:54:42.304128  app.aftabneta2.ir:85           FAIL   -        eu
2026-06-25T08:54:42.329507  portal.jinxandjack.co.uk.:443  FAIL   -        eu
2026-06-25T08:54:42.331889  vip1.shahrnetfarangsarashatelcenter.co.uk:155 FAIL   -        eu
2026-06-25T08:54:42.331973  87.248.132.99:8443             FAIL   -        eu
2026-06-25T08:54:42.348638  152.232.8.182:443              FAIL   -        eu
2026-06-25T08:54:42.383314  65.21.235.85:4455              FAIL   -        eu
2026-06-25T08:54:42.420691  163.5.31.10:8443               FAIL   -        eu
2026-06-25T08:54:42.423784  87.248.132.34:70               FAIL   -        eu
2026-06-25T08:54:42.451716  cdn.jinxandjack.co.uk.:443     FAIL   -        eu
2026-06-25T08:54:42.455473  89.149.226.51:155              FAIL   -        eu
2026-06-25T08:54:42.467094  hetzner.com.muffinnoliershatelcomingsoon.co.uk.:443 FAIL   -        eu
2026-06-25T08:54:42.473942  65.109.242.235:4455            FAIL   -        eu
2026-06-25T08:54:42.478510  95.217.124.82:4455             FAIL   -        eu
2026-06-25T08:54:42.498139  collider.web-yektanet-com.info:443 FAIL   -        eu
2026-06-25T08:54:42.536159  see.bein-norway.co.uk:25565    FAIL   -        eu
2026-06-25T08:54:42.536269  65.109.247.142:85              FAIL   -        eu
2026-06-25T08:54:42.557168  65.109.255.170:4455            FAIL   -        eu
2026-06-25T08:54:42.581185  89.117.222.21:25565            FAIL   -        eu
2026-06-25T08:54:42.638608  95.217.124.83:4455             FAIL   -        eu
2026-06-25T08:54:42.668870  195.254.165.249:25565          FAIL   -        eu
2026-06-25T08:54:42.682547  65.109.255.219:85              FAIL   -        eu
2026-06-25T08:54:42.683540  FIFA.goooalir.co.uk:4455       FAIL   -        eu
2026-06-25T08:54:42.690958  api.jinxandjack.co.uk.:443     FAIL   -        eu
2026-06-25T08:54:42.691902  5.78.29.114:4455               FAIL   -        eu
2026-06-25T08:54:42.757458  blue.protocolsix.info:22       FAIL   -        eu
2026-06-25T08:54:42.776546  Masi.zban-df.info:8888         FAIL   -        eu
------------------------------------------------------------

Top 20 fastest proxies:
  172.65.100.05:25565 | ping=0.002s | eu | 
  www.law-yer.co.uk.:443 | ping=0.011s | eu | 
  br.kingproxynewdomailasiatech.ink:22 | ping=0.021s | eu | 
  new.sitemcinet.co.uk:443 | ping=0.029s | eu | 
  moh.kingproxynewdomailasiatech.ink:25565 | ping=0.047s | eu | 
  3.telbet.lol:25565 | ping=0.057s | eu | 
  moh.telbet.lol:25565 | ping=0.078s | eu | 
  2.telbet.lol:25565 | ping=0.093s | eu | 
  94.249.225.5:88 | ping=0.097s | eu | 
  94.249.225.6:88 | ping=0.099s | eu | 
  87.229.56.20:443 | ping=0.099s | eu | 
  92.246.87.242:443 | ping=0.1s | eu | 
  87.248.129.183:443 | ping=0.1s | eu | tsct\m$v&123333.s.s.s.e.eefefefef.ir--
  194.213.118.140:443 | ping=0.101s | eu | 
  87.248.149.30:443 | ping=0.101s | eu | 
  87.248.129.16:8443 | ping=0.101s | eu | 
  194.120.230.120:443 | ping=0.101s | eu | 
  87.229.56.180:443 | ping=0.101s | eu | 
  194.213.118.163:443 | ping=0.101s | eu | 
  87.229.56.7:443 | ping=0.102s | eu | 
