Verification log – 2026-05-30 09:55:43 UTC
Execution time: 37.8s
Total proxies tested: 250
Working proxies found: 115
------------------------------------------------------------
Timestamp                   Host:Port                      Status Ping     Region
------------------------------------------------------------
2026-05-30T09:55:40.371843  3.219.247.94:80                OK     0.002s   eu
2026-05-30T09:55:40.371878  ader.dynoporo.com:443          FAIL   -        eu
2026-05-30T09:55:40.371886  mimecraft4ir.homes:25565       OK     0.008s   eu
2026-05-30T09:55:40.371893  7337727,776.ir.fulle7.info:8443 FAIL   -        eu
2026-05-30T09:55:40.371910  737727,776.ir.fulle7.info:8443 FAIL   -        eu
2026-05-30T09:55:40.373745  bomberoo.shop:25565            OK     0.014s   eu
2026-05-30T09:55:40.408628  Komatso-Japan.www.google.com.ganool-com.info:300 FAIL   -        eu
2026-05-30T09:55:40.418560  miinecrafto.com:25565          OK     0.01s    eu
2026-05-30T09:55:40.438997  5.78.133.252:8443              OK     0.078s   eu
2026-05-30T09:55:40.443292  87.248.129.212:25565           OK     0.094s   eu
2026-05-30T09:55:40.444788  195.254.165.4:8443             FAIL   -        eu
2026-05-30T09:55:40.445408  195.254.165.4:8443             FAIL   -        eu
2026-05-30T09:55:40.446505  91.107.255.20:2053             FAIL   -        eu
2026-05-30T09:55:40.447589  195.254.165.12:4455            OK     0.093s   eu
2026-05-30T09:55:40.447858  37.49.226.110:15               OK     0.089s   eu
2026-05-30T09:55:40.451144  2.26.146.69:443                OK     0.093s   eu
2026-05-30T09:55:40.454452  79.137.196.223:6443            OK     0.098s   eu
2026-05-30T09:55:40.457308  87.248.129.199:25565           FAIL   -        eu
2026-05-30T09:55:40.458720  5.75.218.60:8443               FAIL   -        eu
2026-05-30T09:55:40.458737  178.105.141.172:443            OK     0.095s   eu
2026-05-30T09:55:40.459155  195.254.165.23:9443            FAIL   -        eu
2026-05-30T09:55:40.459888  87.248.129.210:4455            OK     0.094s   eu
2026-05-30T09:55:40.460611  VIP.alotaxi.info:4515          OK     0.105s   eu
2026-05-30T09:55:40.460913  ams1.tlgfast.com:443           OK     0.106s   eu
2026-05-30T09:55:40.462033  172.65.234.91:9443             OK     0.001s   eu
2026-05-30T09:55:40.462730  87.248.129.220:2053            OK     0.093s   eu
2026-05-30T09:55:40.463196  178.105.244.106:61016          OK     0.096s   eu
2026-05-30T09:55:40.467008  72.56.41.220:443               OK     0.1s     eu
2026-05-30T09:55:40.467524  r20.proxytg.space:8443         FAIL   -        eu
2026-05-30T09:55:40.470766  iranroad.shop:25565            OK     0.023s   eu
2026-05-30T09:55:40.470904  5.75.222.35:8443               OK     0.097s   eu
2026-05-30T09:55:40.471712  877277737.ir.fulle7.info:8443  OK     0.126s   eu
2026-05-30T09:55:40.475686  80.96.112.222:443              OK     0.121s   ru
2026-05-30T09:55:40.476939  1.fulle7.info:8443             OK     0.119s   eu
2026-05-30T09:55:40.478694  r19.proxytg.space:8443         FAIL   -        eu
2026-05-30T09:55:40.480596  87727733737.ir.fulle7.info:8443 OK     0.127s   eu
2026-05-30T09:55:40.481813  57881z367752876777.ir.fulldf.info:8443 OK     0.129s   eu
2026-05-30T09:55:40.482887  9376327363678677.ir.fulle7.info:8443 OK     0.127s   eu
2026-05-30T09:55:40.485726  87.248.129.132:16              OK     0.132s   eu
2026-05-30T09:55:40.486394  37.27.6.238:155                OK     0.119s   eu
2026-05-30T09:55:40.486734  87.248.129.130:15              OK     0.132s   eu
2026-05-30T09:55:40.490597  z3.ir.fulle7.info:8443         OK     0.125s   eu
2026-05-30T09:55:40.490854  7372767170.ir.fulle7.info:8443 OK     0.124s   eu
2026-05-30T09:55:40.495126  87.248.129.129:15              OK     0.13s    eu
2026-05-30T09:55:40.495525  z5.ir.fulle7.info:8443         OK     0.123s   eu
2026-05-30T09:55:40.499415  mtp.webvirt.cloud:443          OK     0.154s   eu
2026-05-30T09:55:40.500288  87.248.129.14:15               OK     0.131s   eu
2026-05-30T09:55:40.503568  gov.chunkycorp.shop:443        FAIL   -        ru
2026-05-30T09:55:40.504529  He.jlpoKcu.cloud:443           OK     0.144s   ru
2026-05-30T09:55:40.511090  73727777.ir.fulle7.info:8443   OK     0.158s   eu
2026-05-30T09:55:40.512153  8772773337566737.ir.fulle7.info:8443 OK     0.157s   eu
2026-05-30T09:55:40.518776  0078815888767686dd777.ir.fulldf.info:8443 OK     0.16s    eu
2026-05-30T09:55:40.519604  Q4.opt-meli.info:443           FAIL   -        eu
2026-05-30T09:55:40.520896  hotmtpro.duckdns.org:443       OK     0.168s   eu
2026-05-30T09:55:40.521414  nitro.proxytune.info.:443      OK     0.162s   eu
2026-05-30T09:55:40.523773  193788188867899776777.ir.fulldf.info:8443 OK     0.161s   eu
2026-05-30T09:55:40.529157  testi.ir.fulle7.info:8443      OK     0.159s   eu
2026-05-30T09:55:40.534577  737237777.ir.fulle7.info:8443  OK     0.171s   eu
2026-05-30T09:55:40.536186  111137277.ir.fulldf.info:8443  OK     0.174s   eu
2026-05-30T09:55:40.536364  73377727,776.ir.fulle7.info:8443 FAIL   -        eu
2026-05-30T09:55:40.536382  87.248.132.2:443               FAIL   -        eu
2026-05-30T09:55:40.536634  87.248.129.205:25565           OK     0.093s   eu
2026-05-30T09:55:40.549337  176.65.128.238:8443            FAIL   -        eu
2026-05-30T09:55:40.553095  5.189.165.109:443              OK     0.09s    eu
2026-05-30T09:55:40.554773  276881885876777777.ir.fulldf.info:8443 OK     0.198s   eu
2026-05-30T09:55:40.561538  5.75.218.193:8443              FAIL   -        eu
2026-05-30T09:55:40.564018  iran.chitoz6.ir:4443           FAIL   -        eu
2026-05-30T09:55:40.569525  87.248.134.172:443             FAIL   -        eu
2026-05-30T09:55:40.570302  r25.proxytg.space:8443         OK     0.225s   eu
2026-05-30T09:55:40.577930  65.109.146.207:443             FAIL   -        eu
2026-05-30T09:55:40.584678  syntax.ddnscdn.sbs.:443        OK     0.236s   eu
2026-05-30T09:55:40.586233  186.246.19.134:443             FAIL   -        ru
2026-05-30T09:55:40.587149  17726737471.ir.fulle7.info:8443 OK     0.124s   eu
2026-05-30T09:55:40.589631  178.105.168.17:443             OK     0.094s   eu
2026-05-30T09:55:40.590011  77737277.ir.fulldf.info:8443   OK     0.123s   eu
2026-05-30T09:55:40.591922  r24.proxytg.space:8443         OK     0.239s   eu
2026-05-30T09:55:40.594462  94.183.219.141:443             OK     0.094s   eu
2026-05-30T09:55:40.595912  https-cdn-ddns.itdeveloper.info.:88 FAIL   -        eu
2026-05-30T09:55:40.596562  r23.proxytg.space:8443         OK     0.237s   eu
2026-05-30T09:55:40.601354  5.78.28.235:7980               OK     0.077s   eu
2026-05-30T09:55:40.602766  mtproxy.neverspy.online:443    FAIL   -        eu
2026-05-30T09:55:40.603085  146.103.104.26:443             FAIL   -        eu
2026-05-30T09:55:40.607175  57881z3775276777.ir.fulldf.info:8443 OK     0.162s   eu
2026-05-30T09:55:40.612200  r18.proxytg.space:8443         FAIL   -        eu
2026-05-30T09:55:40.612372  195.254.165.99:8443            FAIL   -        eu
2026-05-30T09:55:40.615753  23.88.51.230:443               OK     0.097s   eu
2026-05-30T09:55:40.619803  Fuck-War.harcibasheokeye.ir:110 FAIL   -        eu
2026-05-30T09:55:40.622147  37.27.23.25:155                OK     0.118s   eu
2026-05-30T09:55:40.623419  9376273877.ir.fulle7.info:8443 OK     0.124s   eu
2026-05-30T09:55:40.639145  73723776533677.ir.fulle7.info:8443 OK     0.158s   eu
2026-05-30T09:55:40.640155  9978818885777869776777.ir.fulldf.info:8443 OK     0.157s   eu
2026-05-30T09:55:40.642553  db.road-digger.info.:8443      OK     0.106s   eu
2026-05-30T09:55:40.649052  177267636667246371.ir.fulle7.info:8443 OK     0.284s   eu
2026-05-30T09:55:40.649838  161.97.152.87:443              OK     0.095s   eu
2026-05-30T09:55:40.651193  1772677471.ir.fulle7.info:8443 OK     0.283s   eu
2026-05-30T09:55:40.659418  177267374371.ir.fulle7.info:8443 OK     0.123s   eu
2026-05-30T09:55:40.663198  Team.hafthashtgswreqetdgsrwrpi-esoiiisolfnwfsksjvwu-urishklfduiwoehv.info.:6773 FAIL   -        eu
2026-05-30T09:55:40.682873  87.248.129.50:15               OK     0.093s   eu
2026-05-30T09:55:40.694183  93763273877.ir.fulle7.info:8443 OK     0.203s   eu
2026-05-30T09:55:40.694417  87.248.129.51:15               OK     0.093s   eu
2026-05-30T09:55:40.695052  minecraft.nimagallery18.ir:4455 FAIL   -        eu
2026-05-30T09:55:40.707102  otklyuchi-vpn.nolags.pw:443    FAIL   -        eu
2026-05-30T09:55:40.709123  937627877.ir.fulle7.info:8443  OK     0.124s   eu
2026-05-30T09:55:40.709295  195.254.165.71:9443            FAIL   -        eu
2026-05-30T09:55:40.709443  776.ir.fulle7.info:8443        OK     0.16s    eu
2026-05-30T09:55:40.710872  172.65.38.26:9443              OK     0.002s   eu
2026-05-30T09:55:40.712848  87.248.129.239:25565           OK     0.093s   eu
2026-05-30T09:55:40.735966  cloud.mtproxy.pw:443           OK     0.15s    ru
2026-05-30T09:55:40.743990  Shoting.forwarding-co.site.:44300 FAIL   -        eu
2026-05-30T09:55:40.744227  mt.corph.ru:443                OK     0.396s   eu
2026-05-30T09:55:40.749400  s13.neo-trading.org:993        OK     0.254s   eu
2026-05-30T09:55:40.757375  r29.proxytg.space:8443         OK     0.228s   eu
2026-05-30T09:55:40.764399  7372377377.ir.fulle7.info:8443 OK     0.124s   eu
2026-05-30T09:55:40.779769  478818887672666782277.ir.fulldf.info:8443 OK     0.131s   eu
2026-05-30T09:55:40.792770  arezoni9.ir:15                 OK     0.306s   eu
2026-05-30T09:55:40.796243  k29s8d3f.mt.trattat.online:443 OK     0.146s   eu
2026-05-30T09:55:40.802672  195.254.165.23:8443            FAIL   -        eu
2026-05-30T09:55:40.804901  Sndnsbs.ir:15                  OK     0.27s    eu
2026-05-30T09:55:40.831647  Ashkoda-Best.gabrial-batistuta.shop:443 FAIL   -        eu
2026-05-30T09:55:40.836866  87.248.129.240:25565           OK     0.093s   eu
2026-05-30T09:55:40.839720  tg.capycore.ru:443             OK     0.358s   eu
2026-05-30T09:55:40.852521  r21.proxytg.space:8443         OK     0.23s    eu
2026-05-30T09:55:40.865615  87.248.134.204:443             FAIL   -        eu
2026-05-30T09:55:40.873939  737276713370.ir.fulle7.info:8443 OK     0.124s   eu
2026-05-30T09:55:40.880152  best-ruter.eyvazi-master.ir:9741 FAIL   -        eu
2026-05-30T09:55:40.883066  z4.ir.fulle7.info:8443         OK     0.126s   eu
2026-05-30T09:55:40.886842  37788188857676677777.ir.fulldf.info:8443 OK     0.292s   eu
2026-05-30T09:55:40.888152  1788168887627777.ir.fulldf.info:8443 OK     0.449s   eu
2026-05-30T09:55:40.896867  73727676136653270.ir.fulle7.info:8443 OK     0.284s   eu
2026-05-30T09:55:40.900441  ams1.tlgfast.com:443           OK     0.098s   eu
2026-05-30T09:55:40.946066  87.248.129.4:8443              FAIL   -        eu
2026-05-30T09:55:40.971843  Mmdof.fulldf.info:8443         OK     0.451s   eu
2026-05-30T09:55:40.981771  85.192.29.173:443              FAIL   -        ru
2026-05-30T09:55:40.994268  87.248.129.200:25565           FAIL   -        eu
2026-05-30T09:55:40.997241  s11.neo-trading.org:993        OK     0.1s     eu
2026-05-30T09:55:41.007972  7337777273777776.ir.fulle7.info:8443 OK     0.125s   eu
2026-05-30T09:55:41.043535  vaslshid.co.uk.:85             OK     0.238s   eu
2026-05-30T09:55:41.087755  45.135.194.28:37               FAIL   -        eu
2026-05-30T09:55:41.100571  195.254.165.4:8443             FAIL   -        eu
2026-05-30T09:55:41.106665  73727671370.ir.fulle7.info:8443 OK     0.135s   eu
2026-05-30T09:55:41.110032  87.248.129.5:8443              FAIL   -        eu
2026-05-30T09:55:41.159969  r30.proxytg.space:8443         OK     0.28s    eu
2026-05-30T09:55:41.163210  connect.tproxy.store:8443      OK     0.383s   eu
2026-05-30T09:55:41.174766  r26.proxytg.space:8443         OK     0.228s   eu
2026-05-30T09:55:41.176295  www.humaontop.space:443        FAIL   -        eu
2026-05-30T09:55:41.206169  37.27.17.91:155                OK     0.118s   eu
2026-05-30T09:55:41.224916  57881z36775276777.ir.fulldf.info:8443 OK     0.124s   eu
2026-05-30T09:55:41.229805  171.ir.fulle7.info:8443        OK     0.123s   eu
2026-05-30T09:55:41.236174  8772773737.ir.fulle7.info:8443 OK     0.126s   eu
2026-05-30T09:55:41.268675  2.26.146.71:8080               OK     0.094s   eu
2026-05-30T09:55:41.287191  z399.ir.fulle7.info:8443       OK     0.124s   eu
2026-05-30T09:55:41.321608  178.104.221.250:8443           OK     0.096s   eu
2026-05-30T09:55:41.325691  5.75.222.11:8443               OK     0.096s   eu
2026-05-30T09:55:41.325995  3.75.216.199:80                OK     0.09s    eu
2026-05-30T09:55:41.339122  87.248.129.35:16               OK     0.133s   eu
2026-05-30T09:55:41.385269  fav.dynme.ovh:9444             OK     0.519s   eu
2026-05-30T09:55:41.437755  free-mtproto.flexiblenet.org:443 OK     0.261s   eu
2026-05-30T09:55:41.570821  amoreszi.duckdns.org:443       OK     1.21s    eu
2026-05-30T09:55:41.832638  87.248.129.12:15               OK     1.137s   eu
2026-05-30T09:55:41.837882  87.248.129.13:15               OK     1.155s   eu
2026-05-30T09:55:42.347624  178.105.218.231:8443           FAIL   -        eu
2026-05-30T09:55:42.351917  185.84.157.102:9443            FAIL   -        eu
2026-05-30T09:55:42.352438  195.254.165.211:4455           FAIL   -        eu
2026-05-30T09:55:42.353190  176.65.131.45:25565            FAIL   -        eu
2026-05-30T09:55:42.355470  iran.quickdl.info.:443         FAIL   -        eu
2026-05-30T09:55:42.355562  212.34.135.78:443              FAIL   -        eu
2026-05-30T09:55:42.356406  tavakalta-alalah.info:443      FAIL   -        eu
2026-05-30T09:55:42.358013  reboot.tikla.info:443          FAIL   -        eu
2026-05-30T09:55:42.358025  178.105.195.36:8443            FAIL   -        eu
2026-05-30T09:55:42.358458  91.107.174.85:8443             FAIL   -        eu
2026-05-30T09:55:42.358471  dd.tgproxy.today:8080          FAIL   -        eu
2026-05-30T09:55:42.359454  87.248.132.34:70               FAIL   -        eu
2026-05-30T09:55:42.359545  collider.web-yektanet-com.info:443 FAIL   -        eu
2026-05-30T09:55:42.360390  178.105.245.72:8443            FAIL   -        eu
2026-05-30T09:55:42.361396  178.105.239.80:7443            FAIL   -        eu
2026-05-30T09:55:42.362413  147.45.68.25:443               FAIL   -        ru
2026-05-30T09:55:42.363457  37.27.23.200:8443              FAIL   -        eu
2026-05-30T09:55:42.363467  91.107.162.48:443              FAIL   -        eu
2026-05-30T09:55:42.365123  195.254.165.253:25565          FAIL   -        eu
2026-05-30T09:55:42.365256  free.proproxies.top:443        FAIL   -        eu
2026-05-30T09:55:42.365269  195.254.165.252:25565          FAIL   -        eu
2026-05-30T09:55:42.367445  www.beastmode.icu.:8888        FAIL   -        eu
2026-05-30T09:55:42.367459  178.105.237.175:7443           FAIL   -        eu
2026-05-30T09:55:42.368399  yazdan.htop.info:443           FAIL   -        eu
2026-05-30T09:55:42.370559  89.251.10.2:7443               FAIL   -        eu
2026-05-30T09:55:42.370572  195.62.32.87:25565             FAIL   -        eu
2026-05-30T09:55:42.370582  www.merco-karco.website:443    FAIL   -        eu
2026-05-30T09:55:42.370657  185.3.200.185:2053             FAIL   -        eu
2026-05-30T09:55:42.370756  176.108.240.116:8888           FAIL   -        eu
2026-05-30T09:55:42.371449  138.199.215.229:7443           FAIL   -        eu
2026-05-30T09:55:42.371462  195.254.165.185:15             FAIL   -        eu
2026-05-30T09:55:42.371513  195.254.165.249:25565          FAIL   -        eu
2026-05-30T09:55:42.379573  iran.zibayi.shop.:888          FAIL   -        eu
2026-05-30T09:55:42.381568  weblog.forwarding-co.site:443  FAIL   -        eu
2026-05-30T09:55:42.409442  www.qatar-railways.info.:443   FAIL   -        eu
2026-05-30T09:55:42.417293  total.beyondeson-co.cfd:443    FAIL   -        eu
2026-05-30T09:55:42.447748  176.65.135.65:23               FAIL   -        eu
2026-05-30T09:55:42.456729  195.254.165.247:25565          FAIL   -        eu
2026-05-30T09:55:42.463153  87.248.129.210:4455            FAIL   -        eu
2026-05-30T09:55:42.469754  45.82.65.142:443               FAIL   -        eu
2026-05-30T09:55:42.472961  195.254.165.168:9443           FAIL   -        eu
2026-05-30T09:55:42.473462  87.248.132.99:8443             FAIL   -        eu
2026-05-30T09:55:42.477888  185.117.0.248:443              FAIL   -        eu
2026-05-30T09:55:42.478401  5.75.197.246:443               FAIL   -        eu
2026-05-30T09:55:42.483448  World-press.Online-shop.speeker-voice.avadox-zhoan.info:144 FAIL   -        eu
2026-05-30T09:55:42.487435  91.239.192.153:9443            FAIL   -        eu
2026-05-30T09:55:42.488385  paitakht.arasto.info:443       FAIL   -        eu
2026-05-30T09:55:42.492418  lte.opsna.ru:8443              FAIL   -        eu
2026-05-30T09:55:42.492644  195.254.165.251:25565          FAIL   -        eu
2026-05-30T09:55:42.514412  163.5.31.10:8443               FAIL   -        eu
2026-05-30T09:55:42.523472  195.254.165.233:65535          FAIL   -        eu
2026-05-30T09:55:42.524116  nimagallery18.ir:25565         FAIL   -        eu
2026-05-30T09:55:42.549968  general.irancell-ir.cfd:443    FAIL   -        eu
2026-05-30T09:55:42.554494  65.109.215.115:8443            FAIL   -        eu
2026-05-30T09:55:42.565478  51.120.71.120:443              FAIL   -        eu
2026-05-30T09:55:42.571427  185.3.200.191:2053             FAIL   -        eu
2026-05-30T09:55:42.572462  49.13.35.164:8443              FAIL   -        eu
2026-05-30T09:55:42.580147  93.183.88.188:443              FAIL   -        eu
2026-05-30T09:55:42.589444  186.246.21.188:443             FAIL   -        eu
2026-05-30T09:55:42.598492  195.254.165.250:25565          FAIL   -        eu
2026-05-30T09:55:42.605341  89.22.236.159:443              FAIL   -        ru
2026-05-30T09:55:42.610451  www.lastingg.baby.:8888        FAIL   -        eu
2026-05-30T09:55:42.613089  178.105.240.97:61016           FAIL   -        eu
2026-05-30T09:55:42.613109  sabr.ssboriat.co.uk:531        FAIL   -        eu
2026-05-30T09:55:42.640564  194.120.230.106:433            FAIL   -        eu
2026-05-30T09:55:42.644766  www.myssscript.beauty.:8888    FAIL   -        eu
2026-05-30T09:55:42.644843  152.232.8.182:443              FAIL   -        eu
2026-05-30T09:55:42.676040  khoda.hafez.info:443           FAIL   -        eu
2026-05-30T09:55:42.696789  91.107.182.200:8443            FAIL   -        eu
2026-05-30T09:55:42.707525  178.105.240.27:8443            FAIL   -        eu
2026-05-30T09:55:42.711649  178.105.188.16:7443            FAIL   -        eu
2026-05-30T09:55:42.713025  185.3.200.186:2054             FAIL   -        eu
2026-05-30T09:55:42.713392  new.sitemcinet.co.uk:443       FAIL   -        eu
2026-05-30T09:55:42.714998  62.238.26.157:8443             FAIL   -        eu
2026-05-30T09:55:42.743136  r22.proxytg.space:8443         FAIL   -        eu
2026-05-30T09:55:42.743176  sitemcinet.co.uk:443           FAIL   -        eu
2026-05-30T09:55:42.745394  62.238.39.116:4443             FAIL   -        eu
2026-05-30T09:55:42.766506  185.3.200.136:4455             FAIL   -        eu
2026-05-30T09:55:42.777923  tee.mobemouy.com:443           FAIL   -        eu
2026-05-30T09:55:42.786124  Masi.zban-df.info:8888         FAIL   -        eu
2026-05-30T09:55:42.798491  5.75.218.189:8443              FAIL   -        eu
2026-05-30T09:55:42.833984  91.107.155.175:2053            FAIL   -        eu
2026-05-30T09:55:42.839167  87.248.132.38:85               FAIL   -        eu
2026-05-30T09:55:42.841905  194.5.205.10:443               FAIL   -        eu
2026-05-30T09:55:42.890481  185.3.200.172:2053             FAIL   -        eu
2026-05-30T09:55:42.973614  app.aftabneta2.ir:85           FAIL   -        eu
2026-05-30T09:55:42.999543  194.156.103.87:443             FAIL   -        eu
2026-05-30T09:55:43.162321  46.225.29.180:443              FAIL   -        eu
2026-05-30T09:55:43.241663  3.masi.masi.zban-mas.info:8888 FAIL   -        eu
2026-05-30T09:55:43.271096  91.239.192.154:7443            FAIL   -        eu
------------------------------------------------------------

Top 20 fastest proxies:
  172.65.234.91:9443 | ping=0.001s | eu | zmvr#ipkgbuild.org
  3.219.247.94:80 | ping=0.002s | eu | 
  172.65.38.26:9443 | ping=0.002s | eu | zmvr#ipkgbuild.org
  mimecraft4ir.homes:25565 | ping=0.008s | eu | 
  miinecrafto.com:25565 | ping=0.01s | eu | 
  bomberoo.shop:25565 | ping=0.014s | eu | 
  iranroad.shop:25565 | ping=0.023s | eu | 
  5.78.28.235:7980 | ping=0.077s | eu | 
  5.78.133.252:8443 | ping=0.078s | eu | 
  37.49.226.110:15 | ping=0.089s | eu | 
  5.189.165.109:443 | ping=0.09s | eu | a}=uq@opxgoogleapis.com
  3.75.216.199:80 | ping=0.09s | eu | 
  195.254.165.12:4455 | ping=0.093s | eu | 
  2.26.146.69:443 | ping=0.093s | eu | dbiz ]cdn.yektanet.com
  87.248.129.220:2053 | ping=0.093s | eu | 
  87.248.129.205:25565 | ping=0.093s | eu | 
  87.248.129.50:15 | ping=0.093s | eu | 
  87.248.129.51:15 | ping=0.093s | eu | 
  87.248.129.239:25565 | ping=0.093s | eu | 
  87.248.129.240:25565 | ping=0.093s | eu | 
