Verification log – 2026-06-28 14:46:49 UTC
Execution time: 70.5s
Total proxies tested: 226
Working proxies found: 134
------------------------------------------------------------
Timestamp                   Host:Port                      Status Ping     Region
------------------------------------------------------------
2026-06-28T14:46:47.195997  87.248.132.2:443               FAIL   -        eu
2026-06-28T14:46:47.212689  moh.kingproxynewdomailasiatech.ink:25565 OK     0.019s   eu
2026-06-28T14:46:47.226292  sitemcinet.co.uk:443           OK     0.037s   eu
2026-06-28T14:46:47.230112  Komatso-Japan.www.google.com.ganool-com.info:300 FAIL   -        eu
2026-06-28T14:46:47.244127  2.telbet.lol:25565             OK     0.073s   eu
2026-06-28T14:46:47.260365  87.248.129.178:443             OK     0.087s   eu
2026-06-28T14:46:47.263424  87.120.216.254:443             OK     0.09s    eu
2026-06-28T14:46:47.264220  87.248.129.134:443             OK     0.087s   eu
2026-06-28T14:46:47.264467  194.213.118.192:443            OK     0.089s   eu
2026-06-28T14:46:47.266672  167.233.185.253:443            OK     0.095s   eu
2026-06-28T14:46:47.266950  91.107.241.137:23              OK     0.095s   eu
2026-06-28T14:46:47.267106  87.248.129.137:443             OK     0.093s   eu
2026-06-28T14:46:47.267797  just-money.co.uk:443           OK     0.096s   eu
2026-06-28T14:46:47.268767  87.248.129.131:443             OK     0.094s   eu
2026-06-28T14:46:47.269502  87.248.129.180:443             OK     0.093s   eu
2026-06-28T14:46:47.269893  moon.talebi.co.uk:443          OK     0.095s   eu
2026-06-28T14:46:47.270961  87.248.129.179:443             OK     0.087s   eu
2026-06-28T14:46:47.271200  top.jamejanhani2.co.uk:443     OK     0.099s   eu
2026-06-28T14:46:47.272198  football.world-pro.co.uk:25565 OK     0.094s   eu
2026-06-28T14:46:47.273359  194.120.230.120:443            OK     0.093s   eu
2026-06-28T14:46:47.273383  pack.talebi.co.uk:443          OK     0.102s   eu
2026-06-28T14:46:47.274738  92.246.87.242:443              OK     0.093s   eu
2026-06-28T14:46:47.276358  23.88.51.230:443               OK     0.096s   eu
2026-06-28T14:46:47.277098  87.248.149.30:443              OK     0.085s   eu
2026-06-28T14:46:47.277939  91.107.153.231:23              OK     0.094s   eu
2026-06-28T14:46:47.278812  168.119.142.46:443             OK     0.096s   eu
2026-06-28T14:46:47.279137  109.122.198.203:443            OK     0.093s   eu
2026-06-28T14:46:47.280000  book.malavanann.co.uk:2096     OK     0.095s   eu
2026-06-28T14:46:47.280263  cdn.yektanet.co.uk:443         OK     0.093s   eu
2026-06-28T14:46:47.281601  45.135.194.28:37               FAIL   -        eu
2026-06-28T14:46:47.283553  www.vingardium.co.uk.:443      OK     0.099s   eu
2026-06-28T14:46:47.285789  book.malavanann.co.uk:2053     OK     0.101s   eu
2026-06-28T14:46:47.286569  mine.talebi.co.uk:443          OK     0.102s   eu
2026-06-28T14:46:47.288924  syntax.ddnscdn.sbs.:443        OK     0.103s   eu
2026-06-28T14:46:47.289111  ftp.asiaadomainsshatelhamrahaval.co.uk.:443 OK     0.104s   eu
2026-06-28T14:46:47.289415  cdn.ma-rd.co.uk:443            OK     0.102s   eu
2026-06-28T14:46:47.289614  tcpdash-local.technom.info:443 OK     0.113s   eu
2026-06-28T14:46:47.294282  138.124.33.176:443             OK     0.12s    eu
2026-06-28T14:46:47.294595  box.talebi.co.uk:443           OK     0.112s   eu
2026-06-28T14:46:47.294816  goo.vingardium.co.uk.:8443     OK     0.104s   eu
2026-06-28T14:46:47.295322  Ashkoda-Best.gabrial-batistuta.shop:443 FAIL   -        eu
2026-06-28T14:46:47.295492  logs.jinxandjack.co.uk.:443    OK     0.118s   eu
2026-06-28T14:46:47.297774  sv.just-money.co.uk:443        OK     0.107s   eu
2026-06-28T14:46:47.300729  web.asiaadomainsshatelhamrahaval.co.uk.:443 OK     0.122s   eu
2026-06-28T14:46:47.307555  146.103.104.26:443             FAIL   -        eu
2026-06-28T14:46:47.309421  wan.asiaadomainsshatelhamrahaval.co.uk.:443 OK     0.13s    eu
2026-06-28T14:46:47.310234  mc-ssh.t-proxyru.info.:25565   OK     0.024s   eu
2026-06-28T14:46:47.313807  ad1.arixo.shop:443             OK     0.133s   eu
2026-06-28T14:46:47.318376  87.248.129.176:443             OK     0.088s   eu
2026-06-28T14:46:47.320536  sv4.hajhossein.observer:443    OK     0.14s    eu
2026-06-28T14:46:47.321317  full-vasl.ir-xyz.gdhbvjshjrf.info.:88 OK     0.136s   eu
2026-06-28T14:46:47.326402  hetzner.goaphrodite.co.uk.:443 OK     0.134s   eu
2026-06-28T14:46:47.331029  rudomain.info.:443             OK     0.118s   eu
2026-06-28T14:46:47.334395  87.248.149.19:443              OK     0.09s    eu
2026-06-28T14:46:47.335520  1.telbet.lol:25565             OK     0.052s   eu
2026-06-28T14:46:47.337208  new.sitemcinet.co.uk:443       OK     0.157s   eu
2026-06-28T14:46:47.338742  Team.hafthashtgswreqetdgsrwrpi-esoiiisolfnwfsksjvwu-urishklfduiwoehv.info.:6773 FAIL   -        eu
2026-06-28T14:46:47.339304  hetzner.bkontek.co.uk.:443     OK     0.163s   eu
2026-06-28T14:46:47.339728  Shoting.forwarding-co.site.:44300 FAIL   -        eu
2026-06-28T14:46:47.344401  World-press.Online-shop.speeker-voice.avadox-zhoan.info:144 FAIL   -        eu
2026-06-28T14:46:47.345584  fresh.t-proxy.info.:25565      OK     0.171s   eu
2026-06-28T14:46:47.361169  h.hajagha.co.uk:443            OK     0.094s   eu
2026-06-28T14:46:47.362767  login.kerfilia.info:6775       OK     0.098s   eu
2026-06-28T14:46:47.363333  87.229.56.183:443              OK     0.09s    eu
2026-06-28T14:46:47.365039  78.47.67.183:443               OK     0.105s   eu
2026-06-28T14:46:47.366497  room.talebi.co.uk:443          OK     0.099s   eu
2026-06-28T14:46:47.367072  91.107.178.196:443             OK     0.097s   eu
2026-06-28T14:46:47.369943  87.229.56.182:443              OK     0.09s    eu
2026-06-28T14:46:47.374292  total.beyondeson-co.cfd:443    OK     0.103s   eu
2026-06-28T14:46:47.389786  hetzner.com.muffinnoliershatelcomingsoon.co.uk.:443 OK     0.108s   eu
2026-06-28T14:46:47.390983  87.248.129.16:8443             OK     0.093s   eu
2026-06-28T14:46:47.391421  116.202.55.31:25565            OK     0.097s   eu
2026-06-28T14:46:47.394048  ftp.vingardium.co.uk.:443      OK     0.129s   eu
2026-06-28T14:46:47.395293  ns1.what-ever.co.uk.:443       OK     0.1s     eu
2026-06-28T14:46:47.399614  go.vingardium.co.uk.:8443      OK     0.211s   eu
2026-06-28T14:46:47.400044  87.229.56.20:443               OK     0.09s    eu
2026-06-28T14:46:47.401845  gorbeye-7000-sale.asiaadomainsshatelhamrahaval.co.uk.:443 OK     0.125s   eu
2026-06-28T14:46:47.408281  65.109.30.139:8443             OK     0.119s   eu
2026-06-28T14:46:47.410783  ns2.what-ever.co.uk.:443       OK     0.219s   eu
2026-06-28T14:46:47.411328  87.229.56.7:443                OK     0.09s    eu
2026-06-28T14:46:47.411422  ns2.what-ever.co.uk.:443       OK     0.132s   eu
2026-06-28T14:46:47.412825  sv7.hajhossein.observer:443    OK     0.132s   eu
2026-06-28T14:46:47.412964  65.109.30.140:8443             OK     0.119s   eu
2026-06-28T14:46:47.414433  general.irancell-ir.cfd:443    OK     0.104s   eu
2026-06-28T14:46:47.416369  hetzner.visalawyer.co.uk.:443  FAIL   -        eu
2026-06-28T14:46:47.424034  vip.3ven.sbs:443               FAIL   -        eu
2026-06-28T14:46:47.426185  Fuck-War.harcibasheokeye.ir:110 FAIL   -        eu
2026-06-28T14:46:47.426455  web.jinxandjack.co.uk.:443     OK     0.119s   eu
2026-06-28T14:46:47.433711  87.248.129.47:443              OK     0.088s   eu
2026-06-28T14:46:47.438051  87.248.129.174:443             OK     0.093s   eu
2026-06-28T14:46:47.439035  collider.web-yektanet-com.info:443 OK     0.252s   eu
2026-06-28T14:46:47.439985  Amir-ghalenoei-gq.ir.yfdhjderkig.info.:88 OK     0.262s   eu
2026-06-28T14:46:47.441233  Strait-of-Hormuz.ir.jursdheks.info.:88 OK     0.27s    eu
2026-06-28T14:46:47.445475  googel.alo-otp.info.:25565     OK     0.012s   eu
2026-06-28T14:46:47.450233  Q4.opt-meli.info:443           FAIL   -        eu
2026-06-28T14:46:47.451445  ams1.tlgfast.com:443           OK     0.133s   eu
2026-06-28T14:46:47.454007  mine.navar1.ir:25565           OK     0.282s   eu
2026-06-28T14:46:47.457233  87.248.129.174:2053            OK     0.087s   eu
2026-06-28T14:46:47.460080  sv.hajhossein.observer:443     OK     0.099s   eu
2026-06-28T14:46:47.468051  panel-portal.managep.info:443  OK     0.105s   eu
2026-06-28T14:46:47.469886  sv5.hajhossein.observer:443    OK     0.143s   eu
2026-06-28T14:46:47.476632  135.181.107.130:443            FAIL   -        eu
2026-06-28T14:46:47.478786  br.kingproxynewdomailasiatech.ink:22 OK     0.066s   eu
2026-06-28T14:46:47.479043  room.coworcker.co.uk:443       OK     0.296s   eu
2026-06-28T14:46:47.479284  nick.ciaude.co.uk:443          OK     0.298s   eu
2026-06-28T14:46:47.480990  87.229.56.15:443               OK     0.086s   eu
2026-06-28T14:46:47.481478  87.229.56.181:443              OK     0.09s    eu
2026-06-28T14:46:47.485896  noron.jamejanhani1.co.uk:443   OK     0.095s   eu
2026-06-28T14:46:47.493108  65.109.30.140:8443             OK     0.119s   eu
2026-06-28T14:46:47.497158  87.248.134.172:443             FAIL   -        eu
2026-06-28T14:46:47.503145  87.248.129.99:443              OK     0.092s   eu
2026-06-28T14:46:47.509289  65.108.123.76:443              OK     0.119s   eu
2026-06-28T14:46:47.512608  178.104.17.219:443             OK     0.096s   eu
2026-06-28T14:46:47.523318  portal.malevich7.top:443       OK     0.327s   eu
2026-06-28T14:46:47.528591  65.109.139.244:443             FAIL   -        eu
2026-06-28T14:46:47.531507  87.248.129.133:443             OK     0.093s   eu
2026-06-28T14:46:47.537981  87.229.56.8:443                OK     0.084s   eu
2026-06-28T14:46:47.553519  my.jinxandjack.co.uk.:443      OK     0.214s   eu
2026-06-28T14:46:47.577105  www.merco-karco.website:443    OK     0.166s   eu
2026-06-28T14:46:47.579241  login.veltura.digital:443      OK     0.396s   eu
2026-06-28T14:46:47.587547  87.229.56.10:443               OK     0.09s    eu
2026-06-28T14:46:47.591465  cdn.savelyev.click:443         OK     0.404s   eu
2026-06-28T14:46:47.596405  87.248.129.49:443              OK     0.093s   eu
2026-06-28T14:46:47.596996  87.229.56.6:443                OK     0.084s   eu
2026-06-28T14:46:47.597796  135.181.129.178:443            OK     0.119s   eu
2026-06-28T14:46:47.599984  sv2.hajhossein.observer:443    OK     0.143s   eu
2026-06-28T14:46:47.600729  tanzibjf.club.:443             OK     0.119s   eu
2026-06-28T14:46:47.601877  portal.balalaika.click:443     OK     0.414s   eu
2026-06-28T14:46:47.612166  ethereal5.arixo.shop:443       OK     0.133s   eu
2026-06-28T14:46:47.616631  mahanmizban.genuismind.info:443 OK     0.437s   eu
2026-06-28T14:46:47.616672  87.229.56.180:443              OK     0.085s   eu
2026-06-28T14:46:47.618515  portal.mizbanonline.info:443   OK     0.429s   eu
2026-06-28T14:46:47.622240  87.248.129.136:443             OK     0.094s   eu
2026-06-28T14:46:47.631656  cloud.ir.asiatech-bestserver.technom.info:443 OK     0.438s   eu
2026-06-28T14:46:47.639834  3.telbet.lol:25565             OK     0.116s   eu
2026-06-28T14:46:47.643532  87.229.56.5:443                OK     0.09s    eu
2026-06-28T14:46:47.656672  login.klyuch1k.org:443         OK     0.325s   eu
2026-06-28T14:46:47.656818  sv3.hajhossein.observer:443    OK     0.18s    eu
2026-06-28T14:46:47.658129  hetzner.theatoms.co.uk.:443    FAIL   -        eu
2026-06-28T14:46:47.660783  nick.talebi.co.uk:443          OK     0.294s   eu
2026-06-28T14:46:47.671773  87.248.134.204:443             FAIL   -        eu
2026-06-28T14:46:47.679535  secure.gorbushkin.click:443    OK     0.408s   eu
2026-06-28T14:46:47.689796  b8rta.co.uk.:443               OK     0.113s   eu
2026-06-28T14:46:47.691583  bale-ai.vingardium.co.uk.:443  OK     0.324s   eu
2026-06-28T14:46:47.706591  genuismind.info:443            OK     0.265s   eu
2026-06-28T14:46:47.707255  sv2.just-money.co.uk:443       OK     0.299s   eu
2026-06-28T14:46:47.709811  billing.mizbanonline.info:443  OK     0.11s    eu
2026-06-28T14:46:47.721925  65.109.30.137:8443             OK     0.125s   eu
2026-06-28T14:46:47.723638  65.108.126.206:443             OK     0.127s   eu
2026-06-28T14:46:47.762931  host.mizbanonline.info:443     OK     0.428s   eu
2026-06-28T14:46:47.774309  mizban-dade-online.genuismind.info:443 OK     0.265s   eu
2026-06-28T14:46:47.780466  edge.rknwatch.digital:443      OK     0.34s    eu
2026-06-28T14:46:47.830331  server.mizbanonline.info:443   OK     0.428s   eu
2026-06-28T14:46:47.831855  best-ruter.eyvazi-master.ir:9741 FAIL   -        eu
2026-06-28T14:46:49.175090  88.99.126.251:443              FAIL   -        eu
2026-06-28T14:46:49.175195  157.90.227.27:85               FAIL   -        eu
2026-06-28T14:46:49.176215  5.75.138.30:85                 FAIL   -        eu
2026-06-28T14:46:49.176306  95.217.163.166:443             FAIL   -        eu
2026-06-28T14:46:49.176405  152.232.8.182:443              FAIL   -        eu
2026-06-28T14:46:49.178795  212.34.135.78:443              FAIL   -        eu
2026-06-28T14:46:49.178866  195.254.165.250:25565          FAIL   -        eu
2026-06-28T14:46:49.180757  89.251.10.2:7443               FAIL   -        eu
2026-06-28T14:46:49.181741  185.43.33.180:443              FAIL   -        eu
2026-06-28T14:46:49.182736  194.213.118.177:443            FAIL   -        eu
2026-06-28T14:46:49.184787  194.213.118.162:443            FAIL   -        eu
2026-06-28T14:46:49.184800  box.malavanann.co.uk:443       FAIL   -        eu
2026-06-28T14:46:49.186764  93.183.88.188:443              FAIL   -        eu
2026-06-28T14:46:49.187782  195.254.165.253:25565          FAIL   -        eu
2026-06-28T14:46:49.187797  87.248.144.21:25565            FAIL   -        eu
2026-06-28T14:46:49.188744  157.180.119.226:443            FAIL   -        eu
2026-06-28T14:46:49.190734  167.233.176.11:443             FAIL   -        eu
2026-06-28T14:46:49.191730  49.13.37.85:443                FAIL   -        eu
2026-06-28T14:46:49.193795  159.69.102.87:443              FAIL   -        eu
2026-06-28T14:46:49.193810  79.133.126.125:443             FAIL   -        eu
2026-06-28T14:46:49.194455  dd.tgproxy.today:8080          FAIL   -        eu
2026-06-28T14:46:49.194741  176.65.136.15:443              FAIL   -        eu
2026-06-28T14:46:49.197741  194.213.118.191:443            FAIL   -        eu
2026-06-28T14:46:49.197835  87.248.132.34:70               FAIL   -        eu
2026-06-28T14:46:49.199753  Masi.zban-df.info:8888         FAIL   -        eu
2026-06-28T14:46:49.205733  iloveto.bein-norway.co.uk:25565 FAIL   -        eu
2026-06-28T14:46:49.214602  vip.irani-pr.net:443           FAIL   -        eu
2026-06-28T14:46:49.230528  3.masi.masi.zban-mas.info:8888 FAIL   -        eu
2026-06-28T14:46:49.265767  163.5.31.10:8443               FAIL   -        eu
2026-06-28T14:46:49.269989  195.254.165.252:25565          FAIL   -        eu
2026-06-28T14:46:49.270947  194.213.118.193:443            FAIL   -        eu
2026-06-28T14:46:49.274393  87.248.132.38:85               FAIL   -        eu
2026-06-28T14:46:49.274727  116.202.80.231:443             FAIL   -        eu
2026-06-28T14:46:49.279726  195.254.165.251:25565          FAIL   -        eu
2026-06-28T14:46:49.280724  194.213.118.183:443            FAIL   -        eu
2026-06-28T14:46:49.289761  see.bein-norway.co.uk:25565    FAIL   -        eu
2026-06-28T14:46:49.290931  www.beastmode.icu.:8888        FAIL   -        eu
2026-06-28T14:46:49.297470  195.254.165.247:25565          FAIL   -        eu
2026-06-28T14:46:49.302725  iran.zibayi.shop.:888          FAIL   -        eu
2026-06-28T14:46:49.303395  weblog.forwarding-co.site:443  FAIL   -        eu
2026-06-28T14:46:49.307714  www.lastingg.baby.:8888        FAIL   -        eu
2026-06-28T14:46:49.322771  mail.muffinnoliershatelcomingsoon.co.uk.:443 FAIL   -        eu
2026-06-28T14:46:49.337857  78.46.249.7:443                FAIL   -        eu
2026-06-28T14:46:49.337877  194.213.118.179:443            FAIL   -        eu
2026-06-28T14:46:49.340726  65.109.254.77:85               FAIL   -        eu
2026-06-28T14:46:49.340844  65.109.247.142:85              FAIL   -        eu
2026-06-28T14:46:49.343766  hetzner.databots.co.uk.:443    FAIL   -        eu
2026-06-28T14:46:49.355300  app.aftabneta2.ir:85           FAIL   -        eu
2026-06-28T14:46:49.396394  194.213.118.171:443            FAIL   -        eu
2026-06-28T14:46:49.401875  65.21.190.162:443              FAIL   -        eu
2026-06-28T14:46:49.402257  65.109.247.172:85              FAIL   -        eu
2026-06-28T14:46:49.413440  89.149.226.51:155              FAIL   -        eu
2026-06-28T14:46:49.415008  194.213.118.140:443            FAIL   -        eu
2026-06-28T14:46:49.424314  www.myssscript.beauty.:8888    FAIL   -        eu
2026-06-28T14:46:49.427755  87.248.132.99:8443             FAIL   -        eu
2026-06-28T14:46:49.445727  api.jinxandjack.co.uk.:443     FAIL   -        eu
2026-06-28T14:46:49.445748  https-cdn-ddns.itdeveloper.info.:88 FAIL   -        eu
2026-06-28T14:46:49.447661  167.233.187.178:443            FAIL   -        eu
2026-06-28T14:46:49.452737  194.213.118.148:443            FAIL   -        eu
2026-06-28T14:46:49.461732  176.65.135.65:23               FAIL   -        eu
2026-06-28T14:46:49.481216  185.43.33.181:443              FAIL   -        eu
2026-06-28T14:46:49.481317  194.213.118.182:443            FAIL   -        eu
2026-06-28T14:46:49.487728  37.27.220.97:443               FAIL   -        eu
2026-06-28T14:46:49.495256  88.198.194.198:443             FAIL   -        eu
2026-06-28T14:46:49.511612  vip.3pita.com:155              FAIL   -        eu
2026-06-28T14:46:49.572218  login.muffinnoliershatelcomingsoon.co.uk.:443 FAIL   -        eu
2026-06-28T14:46:49.580779  91.99.213.149:443              FAIL   -        eu
2026-06-28T14:46:49.589697  195.254.165.249:25565          FAIL   -        eu
2026-06-28T14:46:49.593674  194.213.118.163:443            FAIL   -        eu
2026-06-28T14:46:49.594757  norm.quickdl.info:25565        FAIL   -        eu
2026-06-28T14:46:49.606740  cdn.jinxandjack.co.uk.:443     FAIL   -        eu
2026-06-28T14:46:49.642696  sni.navar11.ir:25565           FAIL   -        eu
------------------------------------------------------------

Top 20 fastest proxies:
  googel.alo-otp.info.:25565 | ping=0.012s | eu | dbiz ]cdn.yektanet.com
  moh.kingproxynewdomailasiatech.ink:25565 | ping=0.019s | eu | 
  mc-ssh.t-proxyru.info.:25565 | ping=0.024s | eu | dbiz ]cdn.yektanet.com
  sitemcinet.co.uk:443 | ping=0.037s | eu | 
  1.telbet.lol:25565 | ping=0.052s | eu | 
  br.kingproxynewdomailasiatech.ink:22 | ping=0.066s | eu | 
  2.telbet.lol:25565 | ping=0.073s | eu | 
  87.229.56.8:443 | ping=0.084s | eu | 
  87.229.56.6:443 | ping=0.084s | eu | 
  87.248.149.30:443 | ping=0.085s | eu | 
  87.229.56.180:443 | ping=0.085s | eu | 
  87.229.56.15:443 | ping=0.086s | eu | 
  87.248.129.178:443 | ping=0.087s | eu | 
  87.248.129.134:443 | ping=0.087s | eu | 
  87.248.129.179:443 | ping=0.087s | eu | 
  87.248.129.174:2053 | ping=0.087s | eu | 
  87.248.129.176:443 | ping=0.088s | eu | 
  87.248.129.47:443 | ping=0.088s | eu | 
  194.213.118.192:443 | ping=0.089s | eu | 
  87.120.216.254:443 | ping=0.09s | eu | 
